1.135692126716315448e-01,1.792674214468811256e-01,1.393379460574597356e-02,2.285101069477160629e-01,1.553919543225896482e-01,3.042439617586783496e-01,6.234760862862136904e-02,3.121830754715857470e-01,9.876872714316864421e-02,7.251817192063714224e-02,7.745384621407716552e-02,-1.708727499282594042e-01,-5.047888626125353329e-03,2.631190497456817878e-01,-1.231078521123253611e-02,-3.270803620471542938e-01
9.800852868878044688e-02,1.306635473464829167e-01,-1.192992366388587189e-01,3.054383532722648731e-01,1.217358614639878212e-01,2.603167689916000005e-01,1.159369884025747421e-01,2.381402908377562300e-01,1.158638546054119867e-01,-2.727325203290855565e-02,9.910408247397596571e-02,-1.922150996972322168e-01,9.118746046329451183e-02,1.908142373590672736e-01,7.889737728540910378e-02,-3.405489631321659827e-01
6.259277801578747025e-02,1.665221608569484035e-01,-9.839372499003282146e-02,2.553567416614943575e-01,1.263035604256858013e-01,2.797725166142652209e-01,7.799753735981665437e-02,3.304870393236475357e-01,1.202177845394092892e-01,4.126978684694768834e-02,1.006934262964218063e-01,-1.520059554172968341e-01,3.032222944491348715e-02,2.503343870029772211e-01,3.429887758234058392e-02,-3.420702146698055834e-01
6.267821598623460333e-02,2.001103184245054123e-01,-1.161869827186822607e-01,3.018912712211744287e-01,7.252144788546736887e-02,2.561608994351163848e-01,1.292562894541203211e-01,2.543097668180414050e-01,1.122532280940072291e-01,-1.919716096101035940e-02,5.110074977478550745e-02,-1.322205010862864405e-01,7.451345810813514436e-02,1.870241547390065207e-01,5.227874565078483721e-02,-3.520569291106777077e-01
4.890736423600446081e-03,1.085764452437173316e-01,-1.843405633807851662e-01,2.426552036632660947e-01,1.845383839707055718e-02,2.501260520107181362e-01,7.437554159809250942e-02,3.148816557958387663e-01,1.440257033927416774e-01,-5.729729850083249698e-02,6.307318345494575262e-02,-1.606782137496354235e-01,9.597987033261684564e-02,1.659779078165352084e-01,2.671136153569782928e-02,-3.337934543190401726e-01
1.115717557431416262e-01,1.679816790821967720e-01,-2.974393180060089931e-02,2.616187029234237071e-01,2.040207040571825059e-01,2.552854929895010394e-01,8.959058788012831676e-02,3.542728983023059608e-01,1.209754325200257663e-01,-3.032768527846353007e-02,1.364787627792915792e-01,-1.963061881360143590e-01,1.041543926578103879e-01,2.589384113583613201e-01,3.396980817894791616e-02,-3.188992004381807077e-01
1.034299882572754237e-01,1.735945487230646511e-01,-4.252326932447077212e-02,3.118889898478849343e-01,1.017688912222305120e-01,3.160281488552872386e-01,2.944441821716374530e-02,2.883378911191014082e-01,7.024515428994559940e-02,-3.570397352825118581e-02,2.676886811905913530e-02,-1.241374998778129179e-01,1.136975316037246511e-02,1.670520299482635695e-01,7.371615852842065830e-03,-2.980213813060864081e-01
9.877079597376194064e-02,1.799317567350155467e-01,-1.270228100281999006e-02,3.103107299146779519e-01,8.560040492027240489e-02,3.119107458693732293e-01,4.018200706609945105e-02,3.141834217391704098e-01,9.189533400832218535e-02,4.980080231739163199e-02,4.941899781907161532e-02,-1.620109058608507069e-01,1.128746834771565677e-02,2.293373207681938530e-01,2.142334596273810787e-03,-3.176157959913650797e-01
7.198977230275643846e-02,9.954114334100888639e-02,-9.978541907753027407e-02,2.945467357227874450e-01,6.361804609625867912e-02,2.679198013955241819e-01,7.961063701188664243e-02,2.953387016465298665e-01,1.438555820501661309e-01,4.477335953503547988e-02,9.213724675126369612e-02,-1.342036073117879869e-01,4.414784504597710213e-02,1.669026187274263440e-01,4.971568127433537848e-02,-3.558748471380818179e-01
5.007140074072088942e-02,9.944919835107909889e-02,-1.502111339962968473e-01,2.185298062505852956e-01,2.730047983162085107e-02,2.477735347139726207e-01,1.783590293659071194e-02,3.132274412195444335e-01,1.463389509952429390e-01,-5.505283799702455350e-02,6.817904891948145529e-02,-1.646273348457001351e-01,8.457921965802403519e-02,1.615963559975016894e-01,-1.092894591947756941e-03,-3.251621069059710822e-01
3.408793523422695704e-02,5.432371613186265380e-02,-6.682126094769588742e-02,3.150608513908312869e-01,5.531804252672523070e-02,2.278069076945802574e-01,9.274870715538584276e-02,2.364886054205572741e-01,1.041884898503809415e-01,-7.654830471833542344e-03,4.045174278997069189e-02,-2.235069294267016671e-01,7.457711467132556449e-02,1.798914727371279665e-01,5.409086837733398379e-02,-3.543030732128011340e-01
1.422663061409035756e-01,9.619980435437174016e-02,-1.258975895337691997e-01,2.207005371774357350e-01,1.009661243479244574e-01,2.449743835367722000e-01,1.278420165922800056e-01,2.459214790398881745e-01,1.643262608362397736e-01,7.721874212001812038e-03,7.496130082043499232e-02,-1.313443230657319050e-01,7.317659459109976394e-02,2.237567763367998008e-01,5.050100502508084177e-02,-3.480775573195692418e-01
7.725654945995420742e-02,1.321780856927980974e-01,-1.110286243514085197e-01,3.132226093974946335e-01,6.749717442359132180e-02,2.709403168754477842e-01,4.014422129985069365e-02,2.669091396011611383e-01,1.112419298218983305e-01,-1.859169277861238978e-02,5.139252994144051512e-02,-1.355858721531688349e-01,6.737878537528596556e-02,2.026834824391142431e-01,1.068689044928649856e-01,-3.396603247828045014e-01
8.543364775012703138e-02,1.141111709887277781e-01,-1.392200274212232192e-01,2.389562215888039465e-01,4.330789325669157780e-02,2.946830926934749240e-01,6.276595832861142643e-02,2.953678751411546455e-01,1.886190987593906188e-01,4.663953671785226601e-03,8.518085629802793490e-02,-1.570385051057707482e-01,9.071150582083528646e-02,1.933181260738541241e-01,2.974911612050384208e-02,-2.852542838817600512e-01
1.438352396325235094e-01,1.319238389421092117e-01,-3.776109747753556706e-02,2.562507800308678196e-01,1.912538209932855282e-01,2.747499411402903324e-01,5.276890656151370096e-02,3.257200712541143961e-01,6.327318482283197931e-02,5.936683306106652069e-02,3.284529963256367646e-02,-1.854351533094538151e-01,-2.254749370125925384e-02,2.148681829481502159e-01,3.166994641113209108e-02,-3.396686400349355206e-01
9.016606045130504121e-02,1.420692584697959004e-01,-1.077665605729099529e-01,2.625609696979821495e-01,1.138557584322063276e-01,2.486840517002480155e-01,1.059024270993349365e-02,3.342775886731726431e-01,9.601364840064108286e-02,1.082794803835760572e-02,6.543616116014923378e-02,-1.856762662521115326e-01,5.754989827412117925e-02,1.740061486719554906e-01,2.825867323415045748e-02,-3.106226241830654655e-01
7.402887609993064055e-02,1.444763915024669110e-01,-3.698399303861957949e-02,2.858754670521388430e-01,1.005228252106742104e-01,2.636982052304912560e-01,2.165402473291582960e-02,2.857690528239229533e-01,1.083930497999392728e-01,6.059038091333049381e-02,1.029773445429460338e-01,-1.669223357459211909e-01,5.446716930591471995e-02,1.933106531800426187e-01,1.350984692452258246e-02,-3.582580658910017313e-01
5.980574265267901007e-02,1.174547973254658761e-01,-1.254273569424293744e-01,2.722174089619195936e-01,1.079867543020766735e-01,2.620563774105642563e-01,6.627658806165737104e-02,2.784329902706020321e-01,9.632472943317652025e-02,5.914190347141141946e-02,4.186421179026383887e-02,-1.117188811212283389e-01,5.548136633000123191e-02,2.549899289937307412e-01,1.231810766365072363e-01,-3.474465013260025215e-01
3.026264336040723757e-02,1.454506876228698897e-01,-1.851249052341548129e-01,2.633975033049733572e-01,8.445622177403480646e-02,2.688175755813587697e-01,1.180521061767031005e-01,2.671767345798718996e-01,5.498519779750583869e-02,2.389368019337424418e-02,4.351135538715541345e-02,-1.561251557295904313e-01,5.636653974252932298e-02,1.915484330279272895e-01,-2.151850460325076958e-02,-3.577965867917113352e-01
1.019608567909505714e-01,1.234178043845289702e-01,-1.266276374722239695e-01,2.351621504409701913e-01,1.003775193986158332e-01,2.592629330258358622e-01,1.590158756560753617e-01,2.418026010917133928e-01,5.475713468496025416e-02,-4.362633385493881744e-02,5.001393613553559159e-02,-1.526216624294246260e-01,4.328594991202414782e-02,2.110057156936415157e-01,6.839886397552057129e-02,-3.493542849962222308e-01
8.967350773090541904e-02,1.130639620917905513e-01,-1.455429640231458988e-01,2.948830633081133135e-01,1.299706897601922706e-01,2.986456758028337433e-01,6.873063649459403013e-02,2.822559325062521940e-01,1.337248901742381646e-01,3.317877150210677556e-02,3.933246079607320700e-02,-9.144941324230365653e-02,9.527129009589575814e-02,2.105702338442642374e-01,7.631811550440142922e-02,-3.116921113374973573e-01
1.477859652469830642e-01,1.185700862515474963e-01,-1.244232028706122595e-01,3.050462873562067578e-01,1.643305885266292399e-01,2.919399567753551694e-01,2.764285526408851931e-02,3.448342112039527452e-01,8.905725105410156051e-02,9.120275657230260402e-02,9.652340994152235065e-02,-1.275275658844720605e-01,4.038317356796300439e-02,2.564233086646423021e-01,3.174431221067688935e-02,-2.980729155092547988e-01
8.630093642234645812e-02,1.636695818472001795e-01,-4.355485272774527877e-02,2.598910975122704636e-01,6.571118725259905702e-02,2.373289236380785039e-01,1.733144688306339012e-02,3.404182493900301254e-01,6.550156643492319186e-02,-4.917593529277208830e-02,1.245867748032944422e-02,-1.406709266998903696e-01,1.223157144300049751e-02,2.279690080069595171e-01,6.311377473380355707e-02,-3.216650407353245922e-01
8.500018324972355432e-02,1.600565028544338742e-01,-8.091489791789062413e-02,2.965196246669249969e-01,1.023452545003208092e-01,2.697882493574594309e-01,5.599396553503037388e-02,3.139785481283506319e-01,4.260996117277887629e-02,-4.140523298008599862e-02,-8.700636945960123908e-03,-1.332070814418355453e-01,-8.092086922857649745e-03,1.777858471491739478e-01,5.540947460792745860e-02,-3.469577832939615969e-01
1.031563476359736026e-01,1.504134756970199882e-01,-1.470158849566922388e-01,2.764070403135006626e-01,1.203100406555175639e-01,2.746728464463499275e-01,1.860216157208181564e-01,2.645075187247883930e-01,1.086772822956822010e-01,6.625878803401853701e-02,2.821624044504069187e-02,-1.353114576687931281e-01,4.291513123498200827e-02,2.430997483015284455e-01,3.407222199151616060e-02,-3.341339477570792749e-01
1.197461898606409919e-01,1.261455341748713987e-01,-2.658306361277517488e-03,2.499563429897650180e-01,1.471037689235283608e-01,2.996845087995320678e-01,1.014466482493553284e-01,2.844860523199112534e-01,9.241890472681142665e-02,1.015894471281570677e-01,4.895878087952548058e-02,-2.390157489698784554e-01,1.419786965352875380e-02,1.980698011415080173e-01,-4.620358482775331621e-03,-3.299343429957675156e-01
5.014633635376188059e-02,2.625817106837838866e-01,-8.094661362247350389e-02,2.614368079849302418e-01,8.718980446498816872e-02,3.371560448019000900e-01,9.236012900656842550e-02,3.540111529853701700e-01,5.745365641167332615e-02,7.970976635231616370e-02,-3.302429246779119143e-02,-7.038706804987446275e-02,-3.757138368872008777e-02,2.853443897060951029e-01,2.718132315316139358e-02,-3.273182625814939350e-01
4.000081621771454932e-02,1.089872851719188573e-01,-1.727793155829905614e-01,2.836412184305454054e-01,7.751574778399412946e-02,2.697679914596887718e-01,7.183132545545437009e-02,2.661841018693478778e-01,1.314989594207573997e-01,8.984341010378631143e-02,1.012185531144033368e-01,-9.644102462878331727e-02,6.633581441724409333e-02,2.080563720889868073e-01,3.899617659781295237e-02,-3.603681703747554921e-01
1.152764639347484271e-01,1.352907286102954798e-01,-8.790784107624916022e-02,3.591331445013455359e-01,1.352449177325012464e-01,3.196816261283808025e-01,8.119331187326969679e-02,2.990360109449947124e-01,9.003831268508408203e-02,4.437425308226950610e-02,1.190199968531158170e-02,-1.417372010027108942e-01,5.314989266093191056e-02,2.198657330959645217e-01,6.754362707530164878e-02,-3.125895794221484336e-01
7.346262230598751830e-02,1.630071868816521941e-01,-1.574791325205470716e-01,2.651722491037974971e-01,8.424677567687018087e-02,3.049118228997169666e-01,1.288070403520472640e-01,2.771400897890410886e-01,1.583590008955567952e-01,-2.336432117045991394e-02,7.275832916599689684e-03,-1.453632242019551879e-01,6.504957403738072241e-02,1.996523900772924631e-01,4.955927080932773926e-02,-3.210652601971459297e-01
6.775146165006940002e-02,2.132983246336616623e-01,-7.667078215194299273e-02,2.987798233586171914e-01,6.087487207641030518e-02,2.875876054336481968e-01,8.019663707295898725e-02,3.402848404313825736e-01,7.495078149581729798e-02,4.313475529647849832e-02,6.105019739132399106e-03,-1.086110915311358088e-01,-6.562765825006880438e-03,2.450084415209356770e-01,2.271348227099627415e-02,-3.212871496021375006e-01
4.260534984252460633e-02,1.359112304145248529e-01,-5.970389185461165427e-02,2.686746385381139079e-01,3.891646112511678440e-02,2.939926546091762294e-01,2.665437380583152160e-02,3.130102389879208524e-01,1.064145652231372474e-01,-1.256540879016148152e-02,-5.151133728998547739e-03,-1.475334243710294813e-01,8.610948378097432049e-03,2.075528386635945854e-01,-1.203814093582402864e-02,-3.499391046823336904e-01
6.614993178504575966e-02,1.314424570787610103e-01,-1.680874626366507807e-01,2.323644832821044337e-01,6.548086001556412128e-02,2.607502564039652082e-01,1.674676670231954878e-01,2.903660618417067685e-01,1.123876100721759030e-01,-4.910423453098729241e-02,5.709204995845938019e-02,-1.803745356556686330e-01,6.491704820537995413e-02,1.939566300542400479e-01,1.992727011149720423e-02,-3.815319841784894361e-01
6.570416822485802832e-02,1.620150690272171012e-01,-6.357305883565390892e-02,2.799145676808441618e-01,5.553715824658690681e-02,2.769825557183405174e-01,1.314143089684033927e-01,3.241769992053558092e-01,1.358901587011020484e-01,5.868908742313697080e-02,6.523631284344628967e-02,-1.064131881104654342e-01,9.857419018698355961e-02,2.423204634325648310e-01,7.716261587647360587e-02,-2.701021318012569727e-01
5.433888786608533084e-02,7.902529003980940381e-02,-1.372952419994408202e-01,3.331096412950075303e-01,1.240078636308881294e-01,2.648828375336289565e-01,6.380873031613043533e-02,3.461912255922967030e-01,1.239341848450377093e-01,6.297940094431304925e-03,9.333858938130254468e-02,-1.332824771691866195e-01,9.435544003490219100e-02,1.563990239788934089e-01,5.399099464731173942e-02,-3.416175003750028805e-01
5.579192083580280376e-02,1.845097972120855467e-01,-6.281895271700721484e-02,3.035059163696183226e-01,1.085774432065985395e-01,3.088500972115513221e-01,1.388188968256522937e-01,3.288568663764938615e-01,1.342162696108095687e-01,3.540968646834299904e-03,5.049576538208368909e-02,-1.607741377995908494e-01,6.686354923866727473e-02,1.819057588522597357e-01,3.816805819624261714e-02,-3.459950370198122127e-01
1.069476045263441366e-01,1.075611909409985578e-01,-1.415947134139293462e-01,2.939115679879176768e-01,1.073212124508190896e-01,2.494236348206070597e-01,1.356954871615937697e-01,2.729675148542305974e-01,1.195321242616699114e-01,-7.809720436194297899e-02,1.910974865242928006e-02,-1.722439883876379085e-01,8.999751154782070772e-02,1.594029641781731510e-01,3.059673778443528641e-02,-3.446397846736306003e-01
6.424895055887268336e-02,1.518122262386126520e-01,-1.412065209843382518e-01,2.765319444543320460e-01,9.686206509856715163e-02,2.247395944284185099e-01,1.478337378638668875e-01,2.873656720011367183e-01,8.283820881686512760e-02,-4.399528252551393459e-02,6.635071080454048309e-02,-1.482546994409753849e-01,7.888326119160324335e-02,2.067586254028121462e-01,6.123935962166556640e-02,-3.357813349739802167e-01
9.591819761610501094e-02,1.181298971434269485e-01,1.538088235903133094e-02,2.630994683807807988e-01,9.452367228536517896e-02,2.583987274371749576e-01,1.036048498596280065e-01,3.344038673303720843e-01,1.388063138589698819e-01,1.003384620319554693e-01,1.183242283336042450e-01,-1.321733357115424112e-01,3.587684215551432271e-02,2.334520448933672387e-01,1.467764708259625128e-02,-3.642710427682953056e-01
9.076511600654663114e-02,1.223621302264585597e-01,-3.754007342262626057e-02,2.487016164770429194e-01,1.006613097853601424e-01,2.884903464646694227e-01,5.668131374762313407e-02,3.101060757978323923e-01,3.925786249328816480e-02,3.767369918794750278e-02,-7.895204609243344773e-02,-1.802463784242323563e-01,-2.425021029731638106e-02,1.967296492692012788e-01,9.507615799450239158e-02,-3.311292762965672432e-01
6.798037282883151455e-02,1.431135461630178851e-01,-4.555678285227941077e-02,2.557705874107742416e-01,1.593960820098756503e-01,2.199709624436836652e-01,9.965113835306729784e-02,3.612075814027067011e-01,1.343119185044714392e-01,-1.216035339430630163e-04,1.173118919579287656e-01,-1.258553601077850026e-01,1.152557393306596900e-01,2.463585933852942278e-01,7.744837285967573481e-02,-3.180574150757448093e-01
1.381972976766729644e-01,1.155966073326652882e-01,-1.282666675131807765e-01,2.322226873513175416e-01,1.523866336638019514e-01,3.097949817852816423e-01,1.472687668390025018e-01,3.400280439683026068e-01,9.918517118573447200e-02,-1.535466772836272670e-02,7.303653688005103117e-02,-1.589142123286351183e-01,6.230123210456332827e-02,2.493246935073462067e-01,-2.745120809564092351e-02,-2.897046096087059208e-01
1.064897787255589534e-01,2.077410172116917475e-01,-3.055643939552177973e-02,3.008976898215702245e-01,1.421844325914444485e-01,3.215901119143418918e-01,1.034597065724269793e-01,3.443733541299556777e-01,1.104049629079235095e-01,4.897898459382564462e-02,4.103960432946399811e-02,-1.818399552253558149e-01,1.919341570194726954e-02,2.454647025840197838e-01,-1.263789183513654331e-03,-3.391475900421637157e-01
5.629181452372591932e-02,1.681261782552739004e-01,-9.304973981514404191e-02,2.597962730343271742e-01,1.125150589135630458e-01,2.827745290941781620e-01,5.416381120670287624e-02,2.920964414200105663e-01,9.869142632535360393e-02,4.758169916277890654e-02,-2.380405695376094921e-02,-2.129526744504476876e-01,2.960498062344991271e-02,2.141750969889582579e-01,5.784524657369291556e-02,-3.324367718503564717e-01
4.699863746573433587e-02,1.958786971500912355e-01,-3.437603056585939940e-03,3.454541358614452440e-01,6.883781009378632521e-02,2.822248668735807264e-01,2.697318411329738264e-03,3.235750488534269165e-01,7.692982093875236349e-02,3.024681613779431344e-02,2.286079371152539147e-02,-8.518653335683071259e-02,5.416972450550372117e-03,2.147778909610409681e-01,-1.267011599842090414e-02,-3.381017137030303266e-01
7.586840638308414708e-02,1.294891458598313727e-01,-1.026710421548729518e-01,3.424814464283732485e-01,1.367390073817550400e-01,3.288043564493112747e-01,6.648619623352813868e-02,3.744664431181211617e-01,1.110657059372820860e-01,9.896973448512605409e-02,1.119930644459906921e-01,-7.974393432637547074e-02,7.433055340244076881e-02,2.478510333249243913e-01,-2.598897849509405195e-02,-2.484633281265764548e-01
8.350489172875746879e-02,1.451979815594748036e-01,-4.491479489198840769e-02,2.788647898912379186e-01,9.715095202962387155e-02,2.620879932886849839e-01,7.524442372082505714e-02,3.955485355934681979e-01,1.478304471811958398e-01,3.325508520930779005e-02,3.363531770773320329e-02,-1.524196366212619558e-01,7.467195417197579344e-02,2.932978966301545976e-01,3.268230524380175139e-02,-2.692122523284432023e-01
3.349148769127151953e-02,9.563607722754030593e-02,-5.295964867250986530e-02,2.719159876095122441e-01,9.816859538286584752e-02,2.149430421486105969e-01,6.321215349617101409e-02,3.519399640212522162e-01,8.248531472271009024e-02,1.646770401843252601e-02,1.497144561112621029e-02,-1.542010900365256565e-01,7.864601263832696199e-02,2.575672071714328326e-01,4.174438483604500649e-02,-3.097126330970705888e-01
5.175976208036910109e-02,1.126204079488652560e-01,-9.758538112716358404e-02,3.110795593959493899e-01,3.841484746166019815e-02,2.971076930867240229e-01,3.872156655405787490e-02,3.317763717628971487e-01,1.251075439107623144e-01,-1.625328776550152149e-02,-7.049400269285924225e-03,-1.360351173782074763e-01,3.401506441779629519e-02,1.554531896783645784e-01,-4.936304398769070928e-02,-2.974131884731310294e-01
8.211841945993228475e-02,1.769429972507920168e-01,-7.694188261794729367e-02,2.666254272425963023e-01,9.442580029672187347e-02,2.467134752930930652e-01,9.704168327640484704e-02,3.124494505296254165e-01,8.490353921225829437e-02,1.276679484753269200e-01,2.798922150178487916e-02,-1.200208390108392642e-01,-2.045266742252863437e-02,2.895075316706438029e-01,4.549830603721628786e-02,-3.153886165585963464e-01
4.869536518094701172e-02,1.025122039102541183e-01,-2.391824674582429533e-02,2.416831425952550017e-01,1.160186644130397071e-01,2.488379353557943208e-01,8.757224567010923888e-02,2.947540102194974310e-01,4.994963632016952149e-02,7.531035288949976259e-02,4.427540334701628166e-03,-1.621796700678100334e-01,5.102951618196498174e-02,2.205737047282343710e-01,7.144093808877069463e-02,-3.277910485327052981e-01
1.251861555530814352e-01,1.029960958046592934e-01,-4.837218510014058837e-02,2.662848185978251569e-01,1.300772179452451827e-01,3.053332337063750512e-01,4.695624893298297464e-02,3.642730160826903596e-01,1.056150573419886024e-01,1.058023625434751924e-01,1.635002128559758655e-02,-1.932487631574549836e-01,2.531019347276128317e-02,2.195593329621525203e-01,2.531414123464291108e-02,-2.926103919967959488e-01
1.235578451095453723e-01,1.614459115139437739e-01,1.498365502215494999e-02,3.070335923524815103e-01,1.078530177600115630e-01,3.093938415923401242e-01,5.746974552899615507e-02,3.386345873700883913e-01,7.046551539773748818e-02,3.474079966927977325e-02,3.003597376457294715e-02,-1.496020748601382122e-01,1.666040055492532673e-02,2.031213447160993002e-01,6.120956737397524605e-02,-2.902068500354133551e-01
8.165090500758152847e-02,1.091130539942543193e-01,-1.185978383866053282e-01,2.532112464596618095e-01,7.841605600971555956e-02,2.726270368355077633e-01,1.000376216973695997e-01,2.896004859781572960e-01,9.480210767780593295e-02,-3.788460393794161607e-02,3.758519451602157502e-02,-1.354690466530089898e-01,8.988348015068925445e-02,1.589966221217898046e-01,5.278098822684330199e-02,-2.957199440412291436e-01
6.945724848883061409e-02,2.091288730849571731e-01,1.484726828799685233e-02,2.919261201497683755e-01,8.374642244219572540e-02,2.674004072437776713e-01,4.389662642886493771e-02,2.854018016203389019e-01,1.456088474043102099e-01,4.225384423512047738e-02,-4.042482081351535250e-02,-1.309611853730610342e-01,2.622553380460452069e-02,2.087041050363679373e-01,9.293074196443172619e-03,-3.116767616629433912e-01
3.045082847502485895e-02,2.065709064155019647e-01,-2.370923502780981906e-02,2.713769829777120113e-01,9.235414101387263985e-02,2.940041324763508213e-01,6.368268443515860688e-02,2.910404499648627241e-01,7.962195722827020150e-02,1.635606718860355482e-02,-6.858685011678040955e-02,-1.419976623281351269e-01,2.842486600574632705e-02,2.154746387142526531e-01,-4.118104191961460825e-02,-3.397836693695938659e-01
6.142730352011221973e-02,1.470821869554137518e-01,-4.830207961567573732e-02,4.136415191354502197e-01,9.150725852838162422e-02,2.900123396643384810e-01,1.241543102668777980e-02,3.579583692656841953e-01,1.332147918094640504e-01,6.876928911937531252e-02,5.195124783599316259e-02,-1.102611206263037769e-01,8.479819946937039443e-02,2.365217203620244291e-01,4.981599130768892686e-02,-2.988657086094143045e-01
1.082457324739902194e-01,9.859631091720613694e-02,-3.745172017426737221e-02,2.794099898799154991e-01,6.972018999898976777e-02,2.580098449626117008e-01,6.284375198161126774e-02,2.684307341938146352e-01,7.504685929471703598e-02,5.182387678052116642e-02,-1.123312950089260659e-02,-1.681260999265626332e-01,-7.291594512404124540e-03,1.776519130807365787e-01,1.072757915854641725e-01,-3.771864047206973658e-01
5.847752095844592490e-02,1.916654089365822378e-01,-2.394466591184548493e-02,3.344460041405474260e-01,1.220609255904880619e-01,3.219225568979190988e-01,-1.952836138116906955e-02,3.275664097721239232e-01,1.178986395378247565e-01,2.415660939176396751e-02,4.848068923266402042e-02,-1.284901118699803835e-01,3.921068084029022405e-02,1.704278218679904089e-01,-8.285207557323732985e-02,-2.942145724715712340e-01
6.767393196887316886e-02,1.248501239410300667e-01,-7.740907685746947764e-02,3.466501174397808582e-01,6.657616332753189814e-02,3.074124584125946247e-01,6.743733939639651176e-02,3.296568198163905561e-01,1.165432393341154227e-01,1.044206800521145090e-01,4.355490486552396345e-02,-7.155888765592276213e-02,-4.067148868680075385e-03,2.388683776871235176e-01,1.738922485915556787e-02,-3.594617899725037202e-01
5.742173433427314594e-02,1.590050208017965983e-01,-5.207388032725876470e-02,2.399036961990799743e-01,9.478305213255047712e-02,2.373950267849081197e-01,1.245102348035957429e-01,2.837842458243798327e-01,8.971332679223904816e-02,-3.768724244997281175e-02,-2.761479165669689095e-02,-1.372462672415829255e-01,6.849583699517973467e-02,1.685823288072203496e-01,1.231538930747185928e-01,-3.503614841501706545e-01
5.500522102997283669e-02,1.162028503851871009e-01,-1.884414468189429259e-01,2.915693703408378523e-01,9.911018920576007696e-02,3.202201560543109782e-01,8.861362630378927241e-04,2.538030764330118649e-01,1.183032921442011692e-01,1.539130916930433676e-02,9.945594975446689356e-02,-1.397028250799839666e-01,5.705262976862154889e-02,1.811287089546960993e-01,3.311137701582034243e-03,-3.164592428614661501e-01
1.278322340704140525e-01,1.993227804670441305e-01,-5.013052223916346362e-02,2.907590913602713933e-01,1.061006658968589866e-01,2.591551489072287384e-01,2.138921630160042775e-02,3.076897243007821192e-01,7.367544874019882339e-02,8.808194597221992439e-03,5.921994826433943371e-02,-1.288465607244879407e-01,3.162366567141070700e-02,2.246079347207557420e-01,3.557326523018373293e-02,-2.804972591310375685e-01
8.577236720479260168e-02,2.164303938982502507e-01,-1.008667433589367501e-01,3.021867896502268280e-01,1.422193001012641289e-01,3.112393732181979455e-01,5.391900479583294076e-02,3.729544475872504372e-01,6.772040209991660176e-02,7.960266024105044913e-03,7.373400581826272671e-02,-1.328535935003266333e-01,4.733747492920926947e-02,1.750483600379404148e-01,-7.813213495751446247e-03,-3.054583642987496739e-01
1.142592418747762906e-01,1.007222908239892301e-01,-2.074251300079724483e-02,3.207654967848102556e-01,1.298422857256452123e-01,2.649621541777798517e-01,3.377126744982192341e-02,3.565394604990919092e-01,9.696243934698620115e-02,6.298304598460095771e-02,4.205923760710433834e-02,-1.781198005906263482e-01,3.755907186310532275e-02,2.420704452370588677e-01,5.340494814777342614e-02,-3.401635984996334017e-01
9.803043114265522218e-02,1.463746722091251729e-01,-1.950786833861775649e-02,2.633008174850315908e-01,1.391200036078610314e-01,2.856982182121976521e-01,3.004287750393124304e-02,3.324842483478267496e-01,1.076446885167086226e-01,4.698173955805851065e-03,4.353293313259537500e-02,-1.609820271985355489e-01,1.252739137835370137e-02,1.317622931608194714e-01,7.334582402226824671e-02,-3.253828786567182219e-01
4.579512436998697117e-02,1.704814170297006271e-01,-6.738265808754187111e-03,3.169220771870389086e-01,2.613372679388213660e-02,2.936662055276293981e-01,1.043909277393332280e-01,2.792402692849645374e-01,1.279060029515861063e-01,-1.193312517102822559e-02,-1.164994734323846620e-02,-1.393942436362038129e-01,2.006824974652422766e-02,1.767429949254274157e-01,-5.417589821651278004e-02,-3.456561630280888808e-01
7.386320058604012306e-02,6.313508085066724118e-02,-1.977245313974895086e-02,3.299451872339998482e-01,8.992575994424231722e-02,2.368769975964664654e-01,1.555036154902461609e-02,3.164205132904323037e-01,1.145185453889123600e-01,1.257553065475369436e-01,5.761312607336303848e-02,-1.171472066186396294e-01,9.601042703515232785e-03,1.849510315982059172e-01,3.651078776317499830e-02,-3.468308715119731156e-01
8.079269482750756071e-02,1.981558951087374343e-01,-1.198448672883196536e-01,2.495049320089999245e-01,6.604945741231005307e-02,2.497333831562489337e-01,9.239353622337778682e-02,3.453874266696426720e-01,4.734047406837562505e-02,-3.607746936407542349e-02,6.062735792373489391e-02,-9.259442738623921421e-02,1.122211768517035815e-02,2.291001570802847498e-01,6.732595846631925229e-03,-3.424951516224115089e-01
1.262150208803468621e-01,2.068858490468246658e-01,-8.286228976792771317e-02,2.645393731241511004e-01,1.303616551003063950e-01,2.530941486299533305e-01,8.478786000852847615e-02,3.230456448474456344e-01,5.562091804626029257e-02,3.187813400622460658e-02,5.962244344853956379e-02,-1.302164601803391941e-01,2.719229070105622439e-02,2.291321816542860323e-01,-3.430047521204496186e-02,-3.350881661720517268e-01
8.975029456025443442e-02,1.655643228578599357e-01,-2.888195639103939560e-03,2.923519037669508047e-01,9.058349167824253367e-02,2.787041705895783039e-01,7.754052989889400477e-03,3.363824270052245269e-01,1.578933128097118610e-01,6.405472601668946164e-02,9.991814313671404379e-02,-1.601982957075622216e-01,5.085631021396994078e-02,1.772382030970662825e-01,7.789997346807414624e-02,-3.321588550674399176e-01
8.094675428315266374e-02,1.036866494455403465e-01,-1.592618006053146962e-01,3.268324781758419895e-01,1.350124206743609223e-01,2.529786840061683528e-01,7.727778790985498358e-02,2.492962102419394310e-01,1.166535636459357650e-01,3.576218536696343375e-02,1.843915406990806471e-02,-9.874208174508729285e-02,7.553200433239408429e-02,1.781209892948896201e-01,2.822389539622736226e-02,-3.517921486616636395e-01
1.310225204188488202e-01,9.760515636503777626e-02,-2.077636365797182194e-02,2.492230973995107068e-01,1.067769910824773044e-01,2.330488961837954009e-01,5.521899495142373882e-02,3.141234803705648670e-01,6.102728940789538953e-02,2.001653367922387461e-02,1.373622996674902022e-02,-1.735144408673575112e-01,-4.229948691115509307e-02,1.911451890379869123e-01,9.276825522151338488e-04,-3.489068819942205968e-01
7.809511490762512109e-02,1.398034283928025756e-01,-7.586814771363559196e-02,2.855323256493967343e-01,7.208412894430057949e-02,3.133869605252355139e-01,2.793670255102980587e-02,3.341853893815270315e-01,1.745590507870216079e-01,2.881319164649216030e-02,4.743782009632441232e-02,-1.678202473088387936e-01,7.214713462577573844e-02,1.764200586799480053e-01,-5.721641632179817749e-02,-2.999235700307541497e-01
4.515757038751024716e-02,2.371922800415232624e-01,-1.101107374758306667e-01,3.066611834679616178e-01,6.866971744478350681e-02,2.950737063128424098e-01,3.819540681432186113e-02,3.478728022932239816e-01,2.673010608415666428e-02,2.137962252131401023e-02,2.058449625928802235e-02,-1.000402332177670467e-01,1.448901499101857768e-02,2.154382006820812767e-01,-2.500184849955831845e-02,-2.746457610946612116e-01
1.310746686914426862e-01,1.375156587472115832e-01,-8.264428839230308910e-02,2.149595398405026447e-01,1.912441746280011678e-01,2.697585238138613395e-01,6.696837579721849620e-02,3.313843961211818678e-01,1.354024638766497257e-01,-2.191593175837919932e-02,4.728689990161862033e-02,-1.628552255154966932e-01,9.149874520408673995e-02,1.773894389054462006e-01,-1.440841689129241515e-03,-3.429321751493704662e-01
3.390880645786552294e-02,1.995955066442702264e-01,-7.389828535057345327e-02,2.643245074928495253e-01,8.157717804444671039e-02,3.145686793522207148e-01,9.819733237804637027e-02,2.938938382233077240e-01,1.026531872108927962e-01,5.395403332461164159e-02,-4.040292706438803477e-02,-1.141769082879070113e-01,2.668978962798635585e-02,2.133005961689348473e-01,3.512907857179664584e-02,-3.065422710313879806e-01
8.161419892109479657e-02,1.364824111906104420e-01,-1.053213218520064470e-01,2.653845742189699375e-01,9.283092712597697249e-02,2.377027235407550010e-01,3.709628042179298479e-02,3.561989418738825686e-01,1.287834280868854209e-01,1.266023697641293633e-01,6.251043416553053733e-02,-8.424568265113009657e-02,4.813220835232054351e-02,2.435448313271511844e-01,9.141328205419997632e-02,-3.439092929183920067e-01
1.646511165230893012e-02,1.632090931894604191e-01,-2.237095481206018838e-02,2.388636261618626022e-01,2.027276665214219897e-02,2.966453886685663233e-01,1.022171255138712015e-01,2.940708015656681718e-01,7.067354901208207363e-02,1.002262735699481835e-02,2.184219688723484584e-02,-1.569360788299588305e-01,-6.451721094264273315e-02,1.920080735190650978e-01,-2.883803489966564604e-03,-3.681258242944444592e-01
6.688195929196152911e-02,9.059404105858670508e-02,9.553925121734974102e-03,2.286831800646310919e-01,1.205539425338639781e-01,2.562171568268719057e-01,1.009036841190626005e-01,3.378342945944489140e-01,5.780069831086252774e-02,-2.728736692096517258e-02,1.264189292142214871e-02,-2.259299634454748074e-01,2.771478820577728819e-02,1.635079357074484818e-01,-2.062023252493993403e-02,-3.280239889996213742e-01
9.257240532485745688e-02,1.183050297517767302e-01,-1.081607062669153047e-01,2.851624936853063286e-01,1.724426519597442586e-01,2.784606607159568759e-01,4.667119413907943465e-02,3.476010992316272974e-01,9.279703562563315633e-02,1.390114246589191915e-01,7.266204403570492021e-02,-7.746918057152790693e-02,3.210489601756723321e-02,2.390288854105538374e-01,1.009754412305122195e-01,-3.283416190731894280e-01
7.858460590238247612e-02,1.849937247271865870e-01,-5.186603347752911236e-02,3.375337240479969747e-01,6.437248906432437023e-02,3.141689363465973717e-01,5.950335108707972831e-02,3.761748666532727658e-01,1.063131167401060728e-01,4.332959168508258851e-02,-5.273529065363758567e-03,-9.245216700153763290e-02,5.393006572689950512e-02,2.762848784031520233e-01,6.536633048770115750e-02,-2.907685065946824521e-01
4.886937552526804396e-02,1.073519255003688722e-01,-7.721313153747023927e-02,2.470349532243471258e-01,9.328902776633406224e-02,2.090734819760671770e-01,4.199868466776587872e-02,2.459704685287873449e-01,8.965829444303061169e-02,-3.217026436386701688e-02,-1.952747697909599373e-02,-1.747979341245077256e-01,7.671457324145744550e-02,2.195975823382127212e-01,1.198158637931134446e-01,-3.091048565734743625e-01
3.846424906533177368e-02,9.471818373597171159e-02,-1.130543788083529233e-01,3.135596639676953012e-01,7.353164466050057801e-02,2.502184469000065525e-01,1.077334854585090471e-02,3.547128296005955805e-01,1.289744877973258985e-01,-4.063981198028499692e-02,8.857606788915178830e-02,-1.867564661504939605e-01,6.454196991799752980e-02,1.459260278598373539e-01,1.301809610768868072e-02,-3.506140991487457503e-01
4.539694858987161630e-02,7.045699596590304647e-02,-3.751535023955802906e-02,3.194265167249972226e-01,8.543359634965316807e-02,2.605119137308190558e-01,1.219579872092464989e-01,3.043961921621026745e-01,1.015697770499057045e-01,-5.683312797692410823e-02,3.550930922613182439e-02,-1.591392484633932791e-01,7.091444604850305478e-02,1.498296320768423562e-01,-3.220676245908822566e-02,-3.700821454622980067e-01
1.324607526547471048e-01,1.867872692998712725e-01,1.516410409043029289e-02,2.905300928700076946e-01,1.726730590769116891e-01,3.071763829705347337e-01,9.544958286988680651e-02,3.715299975444321112e-01,1.101732447161180434e-01,4.278026883406024772e-02,5.729494313913667536e-02,-1.493189977256803580e-01,3.811422185575227134e-02,2.307806297366935822e-01,2.100403001490986840e-02,-3.457451870164753305e-01
6.448358316214691799e-02,1.775068811569163463e-01,-4.169081221877403431e-03,2.600901375722065034e-01,3.642651310719756397e-02,2.650514425570665855e-01,5.340835856932205084e-02,3.005020222284834897e-01,6.416392842684320863e-02,1.219623455704880316e-02,-9.952008565013827426e-03,-1.710986008050423834e-01,-4.439870211710848780e-02,1.888381082905514208e-01,-3.901958148806211613e-02,-3.661059220304526129e-01
6.020243248923974611e-02,1.395829672182325731e-01,-1.081025286100612687e-01,2.479410122318689291e-01,8.473738764097109299e-02,2.754219894147683645e-01,1.321686072373415288e-01,3.220495654718953382e-01,1.132945051192149333e-01,2.879176626817003815e-02,4.465029962126501606e-02,-1.807249181464601895e-01,1.233398273035117218e-02,1.600317644626379487e-01,2.763809735662815098e-02,-3.778362544007283219e-01
4.638642340488560029e-02,1.184428897684829396e-01,-7.122443937557738913e-03,2.860364526066730417e-01,9.263728535708609657e-02,2.350737797329718881e-01,2.937997114274178839e-02,3.940992343794555985e-01,5.998107869434813472e-02,6.590559166308022215e-03,8.262606833910066118e-02,-1.541392955475356930e-01,8.238014733776433812e-03,2.192894184395693669e-01,-5.409389274598283559e-02,-3.225657142193037452e-01
8.473441322633408490e-02,1.513656684175340994e-01,-8.845851130720942812e-02,2.560432673018991356e-01,1.468300432885681905e-01,2.538963334167991248e-01,1.518556191873157712e-02,2.692711571235756329e-01,1.453686995808050886e-01,9.762902026134094580e-02,-5.476744556560244476e-03,-1.304802211216818109e-01,8.338166627741480652e-02,1.794173880090443873e-01,3.548485939227983416e-02,-3.280178780088548463e-01
1.768004427386779542e-01,1.682050902596015363e-01,-9.339292435607085552e-02,2.725237300883601166e-01,1.757819208074886397e-01,2.718467095417586021e-01,9.570756496790989998e-02,3.220289903395356368e-01,1.221013949341222260e-01,-6.540587181878383671e-02,4.212206608523930140e-02,-1.587768872643471885e-01,5.270371768291586684e-02,2.451768698300562654e-01,4.159839850899484104e-02,-3.055094600929912918e-01
9.758198948302097830e-02,1.812989710005776522e-01,-1.901100328417635321e-01,2.545366940628409624e-01,1.381881634678868986e-01,2.556306334242135492e-01,1.376901034268871171e-01,2.965606557740211313e-01,4.161945964810312426e-02,9.845972318866601236e-03,3.683327932517585501e-02,-7.691678745739234657e-02,1.071889938566135056e-02,2.071698012755531781e-01,-1.008210389431135959e-02,-3.680537974852388650e-01
3.153689416806691737e-02,1.710479579700457664e-01,-3.131725290038209902e-02,2.596346907306178453e-01,4.072939751806377295e-02,2.328933945878312317e-01,2.189211230940003167e-02,3.415623473471710581e-01,1.702773049994433241e-01,2.934230492929015138e-02,2.551453434853154234e-02,-1.011205655412029947e-01,5.628939790024853340e-02,1.948815659123415145e-01,6.076448876873931371e-02,-3.923780026432582835e-01
1.343769334377043490e-01,1.632872798255340097e-01,-1.204099391617921011e-01,2.756583411399944894e-01,1.365983315688073518e-01,2.689421733420752081e-01,6.878524893876167279e-02,2.478861035845952576e-01,1.225759640463319478e-01,6.604873479808018311e-02,1.614483693017726429e-02,-1.283771610663890228e-01,5.663679802570456556e-02,1.642323021748394729e-01,4.877561773824604097e-02,-2.900674828514253067e-01
9.083605158245929012e-02,1.346569396468015878e-01,-1.418544232883932610e-01,2.680540437780820628e-01,8.803188138191320178e-02,2.551826695438222936e-01,8.051826068319169194e-02,2.580699645123354924e-01,1.190910515584609614e-01,-9.653691954321849678e-04,-1.221706451020381987e-02,-5.588154865212630051e-02,1.029567850567102427e-01,2.652295751268001767e-01,-2.368472430629244008e-03,-3.158422344560406492e-01
5.755595768451544914e-02,1.381482027735583262e-01,-5.264439464404657709e-02,3.223811805414247833e-01,5.608170912566055877e-02,2.910967694282844409e-01,1.225671829038042643e-01,3.359147251984702098e-01,1.788781782175362656e-01,-2.737466261016621369e-02,6.522918489297459266e-02,-1.278836567910102973e-01,6.725969604853172801e-02,1.833731493208689556e-01,1.301023353316105129e-02,-3.465449511162249641e-01
9.216119471035399968e-02,1.284115363462435266e-01,-6.088282843590817756e-02,2.399697033388806244e-01,3.492277630745467543e-02,2.946661890520677618e-01,1.015298234867612892e-01,3.427924045642482542e-01,1.726183966758906840e-01,-4.735672784139475372e-02,3.693454228660258271e-02,-9.382585605937961148e-02,6.979959344166183910e-02,1.575669852235491719e-01,-7.657593315289739494e-03,-3.279841877717497578e-01
1.207539230843029665e-01,1.826787081116046096e-01,-8.905228580346476186e-02,2.386307594990033087e-01,8.905562603480327022e-02,3.033214410752967938e-01,1.554484999766526654e-01,2.936496464618099655e-01,1.360396353852197371e-01,-3.292561202347821236e-02,1.073311681074043400e-01,-1.576021465008018707e-01,6.814328828354733469e-02,1.861086314018173538e-01,5.469662259567838192e-02,-2.848805054373541035e-01
1.065123064058053765e-01,1.181322338195928690e-01,-9.869848434457342834e-02,2.683579857208757136e-01,7.504935862190773022e-02,2.274545795942088389e-01,1.373636048425577183e-01,2.398777050473696604e-01,1.326289795373186975e-01,-3.811981619640955610e-03,9.580141534001035408e-02,-1.434135599039449704e-01,1.245108026005578294e-01,2.106520261421481466e-01,9.965322331264353517e-02,-3.636538895062684240e-01
1.755379587466808847e-02,1.008161271870966214e-01,-5.565232174527232067e-02,3.505606698063164495e-01,5.884134840712749309e-02,2.316910919135261870e-01,1.063374569211969350e-01,2.727481067392301117e-01,1.209444052456757346e-01,-2.953847200425651492e-02,4.581403299898333809e-02,-2.029109484672259323e-01,4.307305751729541277e-02,1.599608961572131505e-01,1.530387476374217397e-02,-3.880473048531551949e-01
