0.000000000000000000e+00
1.000918273645546273e-03
1.983471074380165327e-03
2.947658402203856727e-03
3.893480257116620907e-03
4.820936639118456567e-03
5.730027548209366307e-03
6.620752984389348395e-03
7.493112947658401961e-03
8.347107438016528741e-03
9.182736455463727868e-03
1.000000000000000021e-02
1.079889807162534403e-02
1.157943067033976106e-02
1.234159779614325131e-02
1.308539944903581304e-02
1.381083562901744624e-02
1.451790633608815440e-02
1.520661157024793403e-02
1.587695133149678514e-02
1.652892561983471120e-02
1.716253443526170874e-02
1.777777777777777776e-02
1.837465564738292173e-02
1.895316804407713371e-02
1.951331496786042063e-02
2.005509641873278251e-02
2.057851239669421239e-02
2.108356290174472070e-02
2.157024793388429701e-02
2.203856749311294827e-02
2.248852157943067101e-02
2.292011019283746523e-02
2.333333333333333093e-02
2.372819100091827157e-02
2.410468319559228717e-02
2.446280991735537078e-02
2.480257116620752933e-02
2.512396694214875936e-02
2.542699724517906434e-02
2.571166207529843734e-02
2.597796143250688874e-02
2.622589531680440816e-02
2.645546372819099906e-02
2.666666666666666838e-02
2.685950413223140570e-02
2.703397612488521451e-02
2.719008264462810173e-02
2.732782369146005350e-02
2.744719926538108368e-02
2.754820936639118534e-02
2.763085399449035848e-02
2.769513314967860657e-02
2.774104683195592266e-02
2.776859504132231371e-02
2.777777777777777624e-02
2.776859504132231371e-02
2.774104683195592266e-02
2.769513314967860657e-02
2.763085399449035501e-02
2.754820936639118534e-02
2.744719926538108368e-02
2.732782369146005697e-02
2.719008264462810520e-02
2.703397612488521451e-02
2.685950413223139877e-02
2.666666666666666491e-02
2.645546372819099906e-02
2.622589531680440122e-02
2.597796143250688528e-02
2.571166207529844427e-02
2.542699724517906434e-02
2.512396694214875936e-02
2.480257116620752933e-02
2.446280991735537425e-02
2.410468319559228717e-02
2.372819100091827504e-02
2.333333333333333093e-02
2.292011019283746870e-02
2.248852157943067448e-02
2.203856749311294827e-02
2.157024793388429701e-02
2.108356290174472070e-02
2.057851239669421239e-02
2.005509641873277904e-02
1.951331496786042063e-02
1.895316804407712330e-02
1.837465564738292867e-02
1.777777777777778123e-02
1.716253443526170874e-02
1.652892561983471120e-02
1.587695133149678861e-02
1.520661157024792709e-02
1.451790633608815440e-02
1.381083562901745665e-02
1.308539944903581997e-02
1.234159779614324437e-02
1.157943067033975759e-02
1.079889807162534576e-02
9.999999999999981126e-03
