0.000000000000000000e+00
8.080808080808080801e-04
1.616161616161616160e-03
2.424242424242424240e-03
3.232323232323232320e-03
4.040404040404040401e-03
4.848484848484848481e-03
5.656565656565657428e-03
6.464646464646464641e-03
7.272727272727272721e-03
8.080808080808080801e-03
8.888888888888888881e-03
9.696969696969696961e-03
1.050505050505050504e-02
1.131313131313131486e-02
1.212121212121212294e-02
1.292929292929292928e-02
1.373737373737373736e-02
1.454545454545454544e-02
1.535353535353535352e-02
1.616161616161616160e-02
1.696969696969697142e-02
1.777777777777777776e-02
1.858585858585858758e-02
1.939393939393939392e-02
2.020202020202020374e-02
2.101010101010101008e-02
2.181818181818181990e-02
2.262626262626262971e-02
2.343434343434343606e-02
2.424242424242424587e-02
2.505050505050505222e-02
2.585858585858585856e-02
2.666666666666666838e-02
2.747474747474747472e-02
2.828282828282828454e-02
2.909090909090909088e-02
2.989898989898989723e-02
3.070707070707070704e-02
3.151515151515151686e-02
3.232323232323232320e-02
3.313131313131313649e-02
3.393939393939394283e-02
3.474747474747474918e-02
3.555555555555555552e-02
3.636363636363636881e-02
3.717171717171717515e-02
3.797979797979798150e-02
3.878787878787878785e-02
3.959595959595960113e-02
4.040404040404040747e-02
4.121212121212121382e-02
4.202020202020202017e-02
4.282828282828282651e-02
4.363636363636363980e-02
4.444444444444444614e-02
4.525252525252525942e-02
4.606060606060606577e-02
4.686868686868687212e-02
4.767676767676767846e-02
4.848484848484849175e-02
4.929292929292929809e-02
5.010101010101010444e-02
5.090909090909090384e-02
5.171717171717171713e-02
5.252525252525253041e-02
5.333333333333333676e-02
5.414141414141415004e-02
5.494949494949494945e-02
5.575757575757576273e-02
2.500000000000000139e-02
2.500000000000000139e-02
2.500000000000000139e-02
2.500000000000000139e-02
2.500000000000000139e-02
2.500000000000000139e-02
2.500000000000000139e-02
2.500000000000000139e-02
2.500000000000000139e-02
2.500000000000000139e-02
2.500000000000000139e-02
2.500000000000000139e-02
2.500000000000000139e-02
2.500000000000000139e-02
2.500000000000000139e-02
2.500000000000000139e-02
2.500000000000000139e-02
2.500000000000000139e-02
2.500000000000000139e-02
2.500000000000000139e-02
2.500000000000000139e-02
2.500000000000000139e-02
2.500000000000000139e-02
2.500000000000000139e-02
2.500000000000000139e-02
2.500000000000000139e-02
2.500000000000000139e-02
2.500000000000000139e-02
2.500000000000000139e-02
2.500000000000000139e-02
