0
0.0010101
0.0020202
0.0030303
0.0040404
0.0050505
0.0060606
0.0070707
0.0080808
0.0090909
0.010101
0.011111
0.012121
0.013131
0.014141
0.015152
0.016162
0.017172
0.018182
0.019192
0.020202
0.021212
0.022222
0.023232
0.024242
0.025253
0.026263
0.027273
0.028283
0.029293
0.030303
0.031313
0.032323
0.033333
0.034343
0.035354
0.036364
0.037374
0.038384
0.039394
0.040404
0.041414
0.042424
0.043434
0.044444
0.045455
0.046465
0.047475
0.048485
0.049495
0.050505
0.051515
0.052525
0.053535
0.054545
0.055556
0.056566
0.057576
0.058586
0.059596
0.060606
0.061616
0.062626
0.063636
0.064646
0.065657
0.066667
0.067677
0.068687
0.069697
0.070707
0.071717
0.072727
0.073737
0.074747
0.075758
0.076768
0.077778
0.078788
0.079798
0.080808
0.081818
0.082828
0.083838
0.084848
0.085859
0.086869
0.087879
0.088889
0.089899
0.090909
0.091919
0.092929
0.093939
0.094949
0.09596
0.09697
0.09798
0.09899
0.1
