0.000000000000000000e+00
4.413840000000000417e-05
6.817280000000001245e-05
1.381520000000000014e-04
1.984000000000000249e-04
2.402640000000000157e-04
2.955839999999999943e-04
3.398960000000000132e-04
3.859120000000000280e-04
4.332159999999999939e-04
4.780640000000000497e-04
5.234080000000000546e-04
5.673040000000000287e-04
6.109999999999999980e-04
6.542720000000000133e-04
6.966319999999999804e-04
7.386320000000000255e-04
7.801439999999999764e-04
8.212000000000001200e-04
8.616000000000001262e-04
9.015199999999999473e-04
9.411200000000001509e-04
9.799200000000002266e-04
1.018400000000000034e-03
1.056400000000000091e-03
1.093840000000000220e-03
1.131040000000000040e-03
1.167600000000000192e-03
1.203680000000000158e-03
1.239360000000000114e-03
1.274720000000000020e-03
1.309840000000000266e-03
1.344240000000000018e-03
1.378319999999999936e-03
1.411760000000000185e-03
1.445039999999999866e-03
1.478000000000000147e-03
1.510240000000000150e-03
1.542160000000000102e-03
1.574240000000000188e-03
1.605279999999999945e-03
1.636400000000000094e-03
1.666960000000000100e-03
1.697040000000000137e-03
1.727040000000000216e-03
1.756559999999999892e-03
1.785759999999999952e-03
1.814720000000000352e-03
1.843120000000000175e-03
1.871440000000000039e-03
1.899520000000000028e-03
1.926960000000000131e-03
1.954240000000000317e-03
1.981440000000000111e-03
2.008240000000000112e-03
2.034799999999999803e-03
2.060880000000000177e-03
2.086640000000000283e-03
2.112399999999999955e-03
2.137680000000000309e-03
2.162800000000000313e-03
2.187680000000000440e-03
2.212319999999999825e-03
2.236800000000000160e-03
2.260879999999999834e-03
2.284879999999999984e-03
2.308479999999999907e-03
2.331840000000000388e-03
2.355040000000000518e-03
2.378159999999999823e-03
2.400960000000000160e-03
2.423440000000000663e-03
2.446000000000000257e-03
2.468160000000000059e-03
2.489920000000000501e-03
2.511920000000000385e-03
2.533440000000000518e-03
2.554960000000000217e-03
2.576160000000000082e-03
2.597280000000000422e-03
2.618159999999999585e-03
2.639040000000000483e-03
2.659440000000000328e-03
2.679920000000000566e-03
2.700720000000000204e-03
2.722880000000000439e-03
2.745440000000000467e-03
2.767359999999999959e-03
2.793200000000000023e-03
2.818720000000000253e-03
2.843999999999999740e-03
2.869200000000000569e-03
2.894080000000000263e-03
2.918720000000000082e-03
2.943840000000000085e-03
2.970800000000000003e-03
2.998800000000000250e-03
3.026400000000000270e-03
3.053680000000000023e-03
3.080799999999999858e-03
